0.0575
0.0505
0.0562
0.0504
0.0643
0.0444
0.0557
0.0437
0.0635
0.0303
0.0376
0.0353
0.0622
0.0138
0.0133
0.0143
0.0231
0.0193
0.0367
0.0098
0.0155
0.0115
0.0189
0.0094
0.0144
0.008
0.0114
0.0067
0.0091
0.0057
0.0073
0.0049
0.006
0.0042
0.005
0.0037
0.0042
0.0033
0.0037
0.0029
0.0032
0.0027
0.0029
0.0025
0.0027
0.0023
0.0025
0.0022
0.0023
0.0021
0.0022
0.002
0.0021
0.002
0.0021
0.0019
0.002
0.0019
0.002
0.0019
0.002
0.0019
0.002
0.0019
0.0021
0.002
0.0021
0.002
0.0022
0.0021
0.0023
0.0021
0.0024
0.0022
0.0025
0.0023
0.0027
0.0024
0.0028
0.0025
0.003
0.0026
0.0031
0.0027
0.0032
0.0027
0.0033
0.0028
0.0033
0.0028
0.0034
0.0028
0.0034
0.0028
0.0034
0.0028
0.0033
0.0028
0.0033
0.0027
